-1 00 00 00 00 00 00 00 00 00 00 00 00 00 00 00 15 00 00 00 17 00 00 15 00 00 00 00 00 00 00 00 00 00 00 00 00 18 00 00 00 00 00 00 00 00 00 00 00 17 00 
00 -2 00 00 00 00 00 00 00 00 00 00 00 00 00 00 00 00 00 00 00 00 00 00 00 00 00 00 00 00 00 00 00 00 17 00 00 00 00 00 00 00 00 00 00 00 00 00 00 00 00 
00 00 -2 00 00 00 00 00 00 00 00 00 00 00 00 00 18 15 00 00 00 00 00 00 18 00 00 16 00 16 00 00 00 00 00 00 00 00 00 00 00 00 00 00 00 00 00 00 00 00 00 
00 00 00 -2 00 00 00 00 00 00 00 17 00 00 00 00 00 00 00 00 00 00 00 00 00 00 00 00 16 00 00 00 00 00 00 00 00 00 00 00 00 00 00 17 18 00 00 00 00 00 00 
00 00 00 00 -3 00 00 00 00 00 00 00 00 00 00 00 00 00 00 00 00 00 00 00 00 16 00 00 00 00 00 00 00 00 00 00 00 00 00 00 00 17 00 00 00 00 00 00 00 00 00 
00 00 00 00 00 -3 00 00 00 00 15 00 00 00 00 00 00 00 00 00 00 00 00 00 00 00 00 00 00 00 00 00 00 18 00 00 00 00 00 00 00 00 00 00 00 00 00 00 00 00 00 
00 00 00 00 00 00 -2 00 18 00 00 00 17 18 00 00 18 00 00 00 00 00 00 00 00 00 00 00 00 17 00 00 00 00 00 15 00 00 00 00 00 00 00 00 00 15 00 00 00 00 00 
00 00 00 00 00 00 00 -3 00 00 15 00 00 00 00 00 00 18 00 00 00 00 00 00 00 00 00 00 00 00 00 15 00 00 00 00 00 18 00 00 00 00 00 00 00 00 00 00 00 00 17 
00 00 00 00 00 00 18 00 -2 17 00 00 00 00 00 00 00 00 00 00 00 00 00 00 00 00 00 00 00 17 00 00 15 00 00 00 00 00 00 00 00 00 00 00 00 00 00 00 00 00 00 
00 00 00 00 00 00 00 00 17 -2 00 00 00 00 00 00 00 00 00 00 00 00 00 15 00 00 00 00 00 00 00 18 00 00 17 00 00 00 00 00 00 00 00 00 00 00 00 00 00 00 17 
00 00 00 00 00 15 00 15 00 00 -2 00 00 00 00 00 00 00 00 00 16 00 00 00 00 00 00 17 00 00 00 00 18 00 00 00 00 00 00 00 15 00 00 17 00 00 00 00 00 00 17 
00 00 00 17 00 00 00 00 00 00 00 00 00 00 00 00 00 00 00 00 00 00 00 00 00 00 00 00 00 00 00 00 00 00 00 00 00 00 00 00 00 00 00 00 00 00 00 00 00 17 00 
00 00 00 00 00 00 17 00 00 00 00 00 -3 00 00 00 00 00 00 00 00 00 00 00 00 00 00 00 00 00 00 00 00 00 00 00 00 00 00 00 00 18 15 00 00 00 00 00 00 00 00 
00 00 00 00 00 00 18 00 00 00 00 00 00 00 00 00 00 00 00 00 00 00 00 00 00 00 00 00 00 00 00 15 00 00 00 00 16 00 00 00 00 00 00 00 00 00 00 17 00 00 00 
00 00 00 00 00 00 00 00 00 00 00 00 00 00 -3 00 00 00 15 00 00 00 17 00 15 00 17 00 00 00 00 17 00 00 00 00 00 00 00 00 00 00 00 00 17 00 00 00 00 00 00 
00 00 00 00 00 00 00 00 00 00 00 00 00 00 00 -2 18 00 00 00 00 00 15 00 00 00 00 00 00 00 00 15 00 00 00 15 00 00 15 00 16 00 00 00 00 00 00 00 00 00 16 
15 00 18 00 00 00 18 00 00 00 00 00 00 00 00 18 -2 00 00 00 00 00 00 00 00 00 00 00 00 00 00 00 00 00 16 00 00 00 00 00 00 00 00 00 00 00 00 00 00 00 00 
00 00 15 00 00 00 00 18 00 00 00 00 00 00 00 00 00 -2 00 00 00 00 00 16 00 00 00 18 00 00 00 00 00 00 00 00 00 00 18 00 00 00 00 00 00 00 00 00 00 00 00 
00 00 00 00 00 00 00 00 00 00 00 00 00 00 15 00 00 00 00 00 00 00 00 00 00 00 00 00 00 00 00 15 00 00 00 00 00 00 00 00 00 16 00 00 00 18 00 00 00 00 00 
00 00 00 00 00 00 00 00 00 00 00 00 00 00 00 00 00 00 00 00 00 00 00 00 00 00 00 00 00 00 00 00 00 00 00 00 18 00 17 00 00 00 00 00 00 00 00 00 00 00 00 
17 00 00 00 00 00 00 00 00 00 16 00 00 00 00 00 00 00 00 00 -3 00 00 00 00 00 18 00 17 00 18 00 00 00 00 00 00 00 00 00 00 00 00 00 00 00 17 00 00 00 00 
00 00 00 00 00 00 00 00 00 00 00 00 00 00 00 00 00 00 00 00 00 -3 00 00 00 00 00 00 00 00 00 00 00 00 00 00 00 00 00 15 00 00 00 00 00 00 00 00 00 00 00 
00 00 00 00 00 00 00 00 00 00 00 00 00 00 17 15 00 00 00 00 00 00 00 00 00 00 00 00 00 00 00 00 00 00 00 00 00 00 00 00 00 00 00 00 00 00 00 00 00 00 00 
15 00 00 00 00 00 00 00 00 15 00 00 00 00 00 00 00 16 00 00 00 00 00 -3 00 00 00 00 00 00 00 00 00 00 00 00 00 00 00 00 00 00 00 00 16 00 00 00 16 00 00 
00 00 18 00 00 00 00 00 00 00 00 00 00 00 15 00 00 00 00 00 00 00 00 00 00 00 00 00 00 18 00 00 00 15 00 00 00 00 00 00 00 00 00 18 00 00 00 00 00 00 18 
00 00 00 00 16 00 00 00 00 00 00 00 00 00 00 00 00 00 00 00 00 00 00 00 00 -3 00 00 00 00 00 00 00 00 00 00 00 00 00 00 00 00 00 00 15 00 00 00 00 00 00 
00 00 00 00 00 00 00 00 00 00 00 00 00 00 17 00 00 00 00 00 18 00 00 00 00 00 -3 00 00 00 00 00 00 00 00 00 00 00 17 00 00 00 00 00 00 00 00 00 00 00 00 
00 00 16 00 00 00 00 00 00 00 17 00 00 00 00 00 00 18 00 00 00 00 00 00 00 00 00 00 00 00 00 00 00 00 00 00 00 00 00 00 18 00 00 00 00 00 00 00 00 00 00 
00 00 00 16 00 00 00 00 00 00 00 00 00 00 00 00 00 00 00 00 17 00 00 00 00 00 00 00 00 16 00 15 00 18 17 00 00 00 00 00 00 00 00 00 00 00 00 00 15 00 00 
00 00 16 00 00 00 17 00 17 00 00 00 00 00 00 00 00 00 00 00 00 00 00 00 18 00 00 00 16 00 00 00 17 00 00 00 00 00 00 00 00 00 00 00 00 00 00 00 00 00 00 
00 00 00 00 00 00 00 00 00 00 00 00 00 00 00 00 00 00 00 00 18 00 00 00 00 00 00 00 00 00 00 00 00 00 00 00 00 00 00 00 00 00 00 00 00 00 00 00 00 00 00 
00 00 00 00 00 00 00 15 00 18 00 00 00 15 17 15 00 00 15 00 00 00 00 00 00 00 00 00 15 00 00 00 00 00 00 00 15 00 00 00 00 00 00 00 15 00 00 00 00 00 00 
00 00 00 00 00 00 00 00 15 00 18 00 00 00 00 00 00 00 00 00 00 00 00 00 00 00 00 00 00 17 00 00 00 00 00 00 00 00 00 00 00 00 00 00 18 00 00 00 00 00 00 
00 00 00 00 00 18 00 00 00 00 00 00 00 00 00 00 00 00 00 00 00 00 00 00 15 00 00 00 18 00 00 00 00 00 00 00 00 00 00 00 00 00 00 00 00 00 00 00 00 00 00 
00 17 00 00 00 00 00 00 00 17 00 00 00 00 00 00 16 00 00 00 00 00 00 00 00 00 00 00 17 00 00 00 00 00 00 00 00 00 16 00 00 00 16 00 00 00 00 00 00 00 16 
00 00 00 00 00 00 15 00 00 00 00 00 00 00 00 15 00 00 00 00 00 00 00 00 00 00 00 00 00 00 00 00 00 00 00 00 00 00 00 00 00 00 00 00 00 00 00 00 00 00 00 
00 00 00 00 00 00 00 00 00 00 00 00 00 16 00 00 00 00 00 18 00 00 00 00 00 00 00 00 00 00 00 15 00 00 00 00 00 00 00 00 00 00 00 00 00 00 00 00 00 00 00 
18 00 00 00 00 00 00 18 00 00 00 00 00 00 00 00 00 00 00 00 00 00 00 00 00 00 00 00 00 00 00 00 00 00 00 00 00 00 00 17 00 00 00 18 00 00 00 00 00 16 00 
00 00 00 00 00 00 00 00 00 00 00 00 00 00 00 15 00 18 00 17 00 00 00 00 00 00 17 00 00 00 00 00 00 00 16 00 00 00 00 00 00 00 00 00 00 00 00 00 00 17 00 
00 00 00 00 00 00 00 00 00 00 00 00 00 00 00 00 00 00 00 00 00 15 00 00 00 00 00 00 00 00 00 00 00 00 00 00 00 17 00 00 00 00 00 00 00 00 00 00 16 00 00 
00 00 00 00 00 00 00 00 00 00 15 00 00 00 00 16 00 00 00 00 00 00 00 00 00 00 00 18 00 00 00 00 00 00 00 00 00 00 00 00 00 00 00 00 00 00 00 00 00 00 00 
00 00 00 00 17 00 00 00 00 00 00 00 18 00 00 00 00 00 16 00 00 00 00 00 00 00 00 00 00 00 00 00 00 00 00 00 00 00 00 00 00 00 00 00 00 00 00 15 17 00 00 
00 00 00 00 00 00 00 00 00 00 00 00 15 00 00 00 00 00 00 00 00 00 00 00 00 00 00 00 00 00 00 00 00 00 16 00 00 00 00 00 00 00 00 00 00 00 00 00 00 00 00 
00 00 00 17 00 00 00 00 00 00 17 00 00 00 00 00 00 00 00 00 00 00 00 00 18 00 00 00 00 00 00 00 00 00 00 00 00 18 00 00 00 00 00 00 00 00 00 00 00 00 00 
00 00 00 18 00 00 00 00 00 00 00 00 00 00 17 00 00 00 00 00 00 00 00 16 00 15 00 00 00 00 00 15 18 00 00 00 00 00 00 00 00 00 00 00 00 00 00 00 00 00 00 
00 00 00 00 00 00 15 00 00 00 00 00 00 00 00 00 00 00 18 00 00 00 00 00 00 00 00 00 00 00 00 00 00 00 00 00 00 00 00 00 00 00 00 00 00 00 00 00 00 00 00 
00 00 00 00 00 00 00 00 00 00 00 00 00 00 00 00 00 00 00 00 17 00 00 00 00 00 00 00 00 00 00 00 00 00 00 00 00 00 00 00 00 00 00 00 00 00 00 00 00 00 00 
00 00 00 00 00 00 00 00 00 00 00 00 00 17 00 00 00 00 00 00 00 00 00 00 00 00 00 00 00 00 00 00 00 00 00 00 00 00 00 00 00 15 00 00 00 00 00 00 00 00 00 
00 00 00 00 00 00 00 00 00 00 00 00 00 00 00 00 00 00 00 00 00 00 00 16 00 00 00 00 15 00 00 00 00 00 00 00 00 00 00 16 00 17 00 00 00 00 00 00 00 00 00 
17 00 00 00 00 00 00 00 00 00 00 17 00 00 00 00 00 00 00 00 00 00 00 00 00 00 00 00 00 00 00 00 00 00 00 00 00 16 17 00 00 00 00 00 00 00 00 00 00 00 00 
00 00 00 00 00 00 00 17 00 17 17 00 00 00 00 16 00 00 00 00 00 00 00 00 18 00 00 00 00 00 00 00 00 00 16 00 00 00 00 00 00 00 00 00 00 00 00 00 00 00 00 